338
257
2331
6775
2378
6893
4166
6745
4285
5434
6715
3152
6109
3488
6130
6700
4034
4597
6113
6695
6539
3983
6895
6703
823
998
1281
1850
2827
3254
3395
3587
3664
3909
4255
4287
4331
5519
5988
6116
6466
6675
6701
2850
1545
2039
3689
2648
6802
6112
5258
216
291
993
2229
3091
3457
3459
4098
4174
5362
5835
5891
4122
2777
2824
131
6106
3674
4342
5807
6399
6462
6872
6429
3915
6122
657
2180
2923
501
2538
6683
4839
6064
4355
6660
4411
6110
2515
29
946
2228
5088
2040
3407
1741
2596
3483
3784
5909
2107
3276
2349
6069
6356
6100
6879
1536
2368
503
1489
2227
3872
5884
1566
1935
2796
2889
3164
4271
339
673
1215
1774
2041
2651
3487
4113
4296
4314
5502
6166
6307
6454
4702
2817
6804
5594
4103
1018
5213
6800
2196
3505
3698
4160
6718
1175
1208
6723
3437
2882
4257
862
1341
5823
5150
534
2082
1013
1395
138
298
387
623
636
762
773
945
986
1120
1193
1267
1272
1531
1561
1582
1711
1855
1860
2093
2124
2205
2212
2238
2286
2326
2342
2438
2448
2500
2534
2588
2656
2676
2745
2924
2955
3079
3376
3436
3516
3517
3521
3561
3659
3710
3748
3768
3824
3891
4073
4169
4197
4267
4332
4732
4758
4915
4961
5077
5106
5356
5378
5685
5691
5712
5716
5915
5985
5993
6120
6131
6199
6300
6713
6730
6894
6896
3143
5103
150
209
472
3303
3397
4651
4751
5677
1194
1781
4881
5798
1133
4392
1643
1313
4290
792
4616
2940
21
210
4067
4273
6621
245
908
2641
6727
4284
1080
1814
4259
6085
4006
4127
6245
696
3299
4601
155
1352
2220
3284
3714
4914
5878
6238
2347
1761
6495
3813
6161
140
2801
498
4680
168
1190
2119
2158
2411
2673
2737
2758
3087
3563
3645
3938
4091
4611
4896
4940
4965
5051
5139
5287
5374
5381
5393
5466
5469
5486
5671
5787
6123
6650
6706
806
6090
1202
2149
6030
5349
4201
2187
384
469
1209
1436
1907
2242
3013
3403
4373
5080
5418
5718
5858
6697
5428
5861
1721
239
286
820
2203
3830
5900
6235
4398
4406
4987
1132
2802
3576
500
1939
1541
70
104
2919
3294
4674
5366
6141
349
847
1183
1499
1726
2142
2388
2753
2830
2845
2883
2913
3429
3478
3758
4146
4234
4807
4924
5019
5465
5693
6243
6302
6405
6797
2592
2943
6790
3444
1240
1705
3125
4374
4904
5096
5113
5853
6258
6305
361
1857
2063
6216
1836
6278
6591
1033
2329
2380
2847
5491
5672
5857
6081
6636
4676
5321
3828
5352
6717
2524
2635
2864
3027
5122
5240
5464
5978
6626
5206
1984
6098
6124
6348
6627
536
780
4478
1570
2204
3589
3662
3755
5946
6152
6273
6363
3690
745
3355
6185
6411
2461
3887
5523
199
326
1749
1995
2499
3078
3239
3455
3721
4143
4648
5702
6337
6738
6842
3577
684
3574
5224
6410
941
3388
3495
194
3572
3614
5608
3666
3932
5138
1137
2746
3369
1222
2908
3936
5539
1350
330
351
517
562
964
971
2585
2589
2620
3320
3694
4687
5155
5849
6077
6240
3894
2044
2723
3396
3477
3940
6225
2467
6821
5832
6768
5690
5828
5148
1913
2108
6180
2217
2762
4998
6503
6506
6533
6749
6808
5522
6173
6455
473
506
2694
2755
4387
4738
5426
693
1118
5463
1422
3364
1325
4874
2032
318
395
574
667
3359
3433
4364
5169
5283
6046
6260
4604
6091
462
555
814
937
1103
1104
1179
1564
1616
2166
2281
2657
2887
2899
2917
3216
3231
3787
4151
4317
4372
4405
4474
4518
4935
4962
5153
5430
5458
5537
5575
5583
5872
6306
6623
6633
6756
6771
6866
6918
160
2299
3700
3703
4603
5158
1036
1330
1565
2234
3053
4744
4887
5512
5801
6933
2600
4341
5675
1393
2407
48
84
142
677
689
721
728
787
914
1242
1523
1569
1973
3225
3392
3443
3452
3507
4168
4225
4357
4826
4926
4944
5132
5306
5441
5449
5663
5734
5744
5814
5901
5943
5954
6222
6303
6497
6664
6744
6823
2494
3411
5176
5666
3535
4698
994
6239
4769
4584
553
1759
2131
3356
3150
6021
6111
91
695
3653
6262
1924
2290
5250
5451
1408
2861
5658
4297
1764
3730
183
2691
3070
5485
6897
3731
5972
3307
5401
3060
3559
4741
5350
5446
1382
5142
951
859
2062
3215
3809
165
737
599
4049
763
1621
1833
2214
2994
4810
4672
641
2481
2049
3552
6598
3425
2503
4660
3337
6548
3462
637
4837
6881
2181
4560
352
509
596
632
777
1421
1600
2275
2280
2404
4588
5399
5521
6287
6754
836
849
869
884
932
1283
2121
3923
4162
5442
5986
6554
6649
175
920
1243
1508
1520
2246
2730
3218
3588
3886
4087
4767
5255
5754
5817
5703
2710
357
433
524
793
1038
1123
1468
1472
1874
2114
2256
3167
3246
3252
3842
3871
4422
4524
6471
4658
4030
1039
5031
6574
6648
4456
5286
5557
3322
2619
1910
658
1348
4043
85
102
3405
4059
4062
3416
1955
2251
5917
6174
2633
5130
3957
2900
3883
3191
51
530
591
1612
1975
2268
3605
3773
4057
4235
4462
5220
5365
6261
6680
1113
1770
2285
2317
2644
3785
5439
6019
6413
6652
6691
385
2020
263
877
1136
1509
1851
1958
2540
3434
3907
5459
5467
6250
6299
6445
4244
2190
2918
1664
5238
6210
36
75
76
141
178
192
220
262
266
317
334
341
343
350
440
459
470
487
540
545
563
601
614
666
712
740
742
796
821
841
846
873
917
947
961
982
987
1004
1010
1083
1112
1125
1139
1145
1152
1218
1224
1241
1312
1327
1329
1424
1438
1530
1544
1581
1595
1610
1613
1627
1645
1655
1667
1671
1696
1698
1716
1728
1734
1755
1768
1786
1847
1853
1856
1911
1921
1922
1970
2001
2002
2057
2096
2103
2111
2113
2156
2157
2168
2211
2240
2277
2295
2308
2309
2314
2321
2361
2371
2414
2456
2544
2597
2598
2608
2639
2650
2675
2719
2729
2750
2757
2773
2782
2806
2822
2825
2828
2829
2838
2839
2855
2856
2865
2902
2946
2954
3043
3163
3241
3244
3292
3406
3408
3414
3428
3430
3451
3458
3532
3606
3616
3657
3691
3708
3713
3734
3747
3749
3772
3774
3775
3782
3812
3814
3825
3896
3899
4045
4071
4099
4152
4303
4329
4336
4349
4351
4367
4376
4380
4417
4535
4542
4543
4553
4575
4583
4587
4615
4677
4684
4724
4736
4749
4754
4763
4796
4919
4929
4932
4933
4948
4964
4970
5018
5036
5057
5131
5168
5174
5198
5207
5241
5247
5260
5329
5331
5482
5490
5492
5494
5501
5505
5507
5559
5596
5604
5616
5640
5647
5660
5692
5717
5769
5793
5796
5797
5815
5816
5840
5860
5898
5906
5923
5942
5945
5949
5952
5960
5995
5998
6004
6006
6008
6042
6108
6117
6133
6150
6153
6156
6169
6179
6202
6212
6214
6330
6347
6378
6439
6441
6481
6493
6535
6537
6541
6557
6582
6588
6592
6599
6620
6637
6639
6645
6662
6681
6693
6710
6732
6766
6793
6807
6809
219
5212
5454
5992
1503
4756
5808
1476
3089
4892
5750
6071
640
648
1818
899
1766
3092
4369
4504
5705
6043
6272
4108
313
4765
300
5538
711
2021
19
1074
3921
5046
2140
6463
6671
6731
714
1504
3135
6900
2026
3554
4506
5806
2629
163
1572
1802
2048
3117
4100
4302
5252
5256
5468
5552
5570
5656
6368
6543
6733
1174
3870
659
4941
5324
6412
5318
537
554
748
1158
3634
4773
6750
6814
468
2813
4096
201
356
467
514
642
726
878
1119
1126
1290
1295
1339
1391
1474
1576
1615
1718
1719
2341
2667
2798
2938
2986
3644
3763
4038
4288
4729
4910
5081
5376
5580
5622
5719
5732
5737
5745
5826
6572
6739
4053
5023
5245
358
831
1200
2658
2724
3308
4365
4501
4526
5101
5581
5741
3169
3866
1396
1403
2638
3470
4250
5296
6148
1604
5699
1666
2702
5303
96
970
1188
1318
2126
2311
2324
2340
2642
2778
3512
4058
4898
5413
5668
5868
6285
6350
6371
6934
817
2127
2951
3000
3081
3192
3412
4384
5180
5542
5821
6320
6359
63
527
598
901
902
999
1146
1264
1364
1809
2233
2258
2267
2328
2472
2939
3377
3486
3549
3668
4089
4202
4414
5768
6282
2668
3324
3720
4482
4624
4813
5483
6354
1122
5249
3201
2517
5547
2563
11
53
197
938
979
1534
1639
1820
1852
2897
3126
4829
5320
5553
5597
6155
6644
6805
5892
270
1161
5406
779
1355
1483
1606
1965
1980
2023
4322
5280
5662
5899
3946
725
505
668
1001
2408
3627
4888
909
1271
455
2025
2046
2419
2510
2561
3172
3679
4582
4894
5089
5333
5568
5802
6197
56
94
419
857
1149
1263
1336
1434
1515
1817
2367
2618
2759
2867
3110
3120
3321
3372
3997
4084
4196
4459
4657
4952
5322
5634
5785
5941
5959
6361
6442
6532
6556
6830
2567
6488
518
5123
2045
805
876
1081
1196
1253
1575
1811
2065
2334
2525
3183
3198
3379
3518
3815
4110
4457
4570
5124
5126
5133
5351
5510
5763
5833
5869
5881
6068
6294
6622
6788
6919
2492
1805
3146
2612
2878
6618
6343
1075
1385
2173
2377
2911
4907
5429
978
5125
79
2862
4037
4520
2766
3869
4033
5543
5694
95
2484
4309
6076
6267
771
3498
6401
4276
347
3593
2177
2343
2508
1649
3660
1005
282
1028
1102
1961
2248
2891
2985
3550
4115
4690
5474
5645
248
912
4734
5424
2346
4245
4546
801
1681
5262
274
6075
6067
360
635
6436
1587
2699
2853
2967
5473
5555
5747
6640
6774
171
1783
2566
3843
4352
4825
4937
5450
3157
5567
191
516
2179
2632
5600
6159
5708
1521
3988
2922
1430
2606
5086
5855
6249
6403
5791
1021
1185
1204
2266
3374
4213
4491
5357
5937
6638
1334
2296
2784
4425
4879
5129
6128
6168
3493
3665
333
441
486
708
1217
4339
4761
5726
6521
261
2959
6785
283
1398
6268
1992
4567
5100
4224
4939
966
4613
1192
3754
6097
2006
3826
4418
5134
2809
6576
3777
4286
739
868
1258
1473
1648
2254
2423
2652
2767
3100
4004
4493
4578
4847
4890
4918
5563
5987
6508
6795
4968
6666
1886
2799
5204
3902
265
4385
4545
6884
72
152
174
227
235
477
480
724
910
1105
1843
2094
2100
2441
2463
2550
2663
2854
3065
3189
3431
3497
3564
4000
4001
4068
4149
4280
4500
4759
4930
4966
5085
5195
5301
5554
5683
5794
5863
6326
6409
6501
6505
6566
6579
6875
173
1116
1169
1533
1669
1831
2104
2259
4190
4646
4877
5012
5302
5363
6366
6677
4218
1470
6776
284
1577
2038
2055
2310
2735
552
2221
729
957
1713
3805
4503
919
963
3361
3790
4009
4413
4428
4864
6318
6400
6569
2312
6449
2885
2844
4502
1178
2513
4222
5108
2150
3933
747
3925
5618
6791
968
1164
5392
6296
2332
1203
417
5620
1693
2636
913
1611
2350
4044
6136
818
2880
97
170
482
874
903
924
1011
1262
1463
1502
1829
1944
2475
2527
2601
2684
2991
3203
3515
3621
3672
3778
3986
4104
4410
4573
4623
5073
5074
5178
5257
5278
5388
5527
5623
5630
5697
5751
5877
5944
6211
6502
6608
6721
6734
6735
3879
2225
3913
4679
5300
686
1736
3409
3685
6259
502
731
1673
2660
2780
3173
3533
4661
4866
4995
5235
6448
2805
3650
3856
618
1389
4812
3214
4562
5242
5731
5818
6118
6137
32
212
228
355
627
750
1121
1562
1584
1602
1987
2381
2609
2714
3064
3585
3766
3895
4032
4074
4909
4943
5197
5209
5307
5431
5736
5976
6048
6708
226
302
1708
2716
3076
3590
3844
4335
4479
4625
5090
5226
6332
6888
22
190
253
323
600
855
1148
1220
1390
1400
1757
1834
2003
2171
2360
2662
2666
2876
3057
3174
3384
3757
4191
4539
4667
4875
4903
4978
5107
5128
5201
5236
5284
5438
5476
5939
6066
6163
6213
6242
6270
6333
6490
6560
6878
6912
564
1748
2089
2677
2945
3682
4026
4292
4375
4390
5072
5614
6022
1514
730
1040
1115
2034
2645
2907
2999
3464
4281
4886
6232
4461
6862
1915
6597
6072
332
1072
1819
3553
5565
837
5571
1864
2811
3139
3186
3222
3514
4745
28
2895
4499
198
842
2004
2436
2705
4391
5026
6375
3481
4891
1439
276
756
2007
4678
4871
5435
41
1078
1607
2763
3709
4229
4737
4872
5004
5421
5488
5619
5847
6084
6149
6184
6229
6304
6322
6334
3620
4895
863
3888
3453
549
1885
5836
247
2843
6819
5809
1617
1695
1722
1804
2952
3003
3211
3811
3898
4131
4194
4473
5265
5589
6641
348
652
760
767
922
1000
1076
1184
1197
1216
1404
1479
1815
1930
1932
2564
2738
2901
3309
3310
3336
3435
3526
3901
4304
4306
4627
4662
4779
4997
5098
5254
5534
5654
5953
6215
6217
6740
707
479
541
565
761
915
1670
2794
2816
2852
2874
3122
3219
3536
3613
3647
3751
3759
3808
3928
4081
4934
5010
5764
6237
6241
6248
6277
6309
6551
6589
6661
6673
6711
1842
4591
6167
5727
1516
510
1252
3277
5437
2033
2554
4497
5612
2771
3305
3669
4643
5854
6031
6057
1432
1605
1832
3118
3750
3941
4536
4631
4748
5342
5641
6600
2353
5203
211
345
783
1586
2418
2477
2786
3560
3671
3996
4278
4465
5076
6562
676
1537
6443
2133
5223
3248
4824
751
5657
4731
1167
5315
2928
200
1868
2189
4695
1419
1753
6009
6714
1546
3101
1532
5127
6236
93
294
392
717
918
1029
1623
1654
1756
1846
2112
3242
3476
3506
3523
3575
3624
3931
4808
4833
5093
5102
5111
5161
5625
5762
5792
5829
5947
6028
6119
6219
6280
2298
2305
3622
3849
4559
4821
5099
5713
6384
6923
132
5436
290
2754
3449
4036
5420
5513
6552
2219
6577
1861
1812
217
271
532
558
776
800
848
854
959
981
1015
1037
1276
1311
1412
1429
1492
1518
1524
1646
1652
1769
1903
2135
2198
2283
2336
2382
2383
2552
2591
2700
2744
2783
2814
2910
3275
3562
3611
3631
3675
3697
3885
3912
3987
4025
4315
4397
4432
4472
4576
4652
4836
4951
4990
5084
5114
5179
5251
5412
5440
5573
5651
5819
6003
6033
6060
6139
6223
6228
6257
6323
6430
6907
1155
2679
4299
6151
6271
6869
2670
3274
6812
844
3289
4343
3187
412
539
1275
2054
398
2976
3278
3427
6784
1032
2101
1250
6770
4455
3701
5415
2338
451
904
1854
5261
5862
6794
259
738
2102
4121
4389
4564
242
471
2697
3121
3712
3789
4002
4653
5275
5285
5423
5875
5956
797
1251
1386
1777
2257
2941
3447
3892
4476
4498
4865
4869
6629
6656
4654
4925
5706
126
464
556
1077
2169
2555
4897
4969
5981
6056
6876
2
930
1824
2160
3490
3865
4161
4470
4610
4963
1772
2993
723
1682
1943
2300
2335
3004
3316
3461
4619
5071
5403
5480
5673
5983
6295
6520
6889
6913
60
2647
3279
4840
5359
6428
6472
6663
1349
3756
5119
6587
622
830
17
1859
2011
2432
2439
3156
3761
6319
6534
6827
484
4217
4270
1835
2282
4295
6568
616
734
858
1969
3762
4123
6220
58
1480
2376
3067
646
5141
4126
4621
5354
5560
7
6444
12
90
1322
3029
3138
3546
3873
4008
4386
5183
6465
3088
5337
396
685
5140
5788
2772
3579
4950
6398
369
786
1214
2068
2092
2537
2539
3159
3251
4327
4985
5653
6374
4686
2069
2320
4900
6824
1758
2319
2634
1435
1890
2060
382
426
942
1030
2250
3360
3520
3609
3719
4797
4827
5060
5281
5432
6767
6920
1593
1601
2078
2428
2454
2747
2890
2998
3643
4208
4494
4628
4764
4803
4922
4989
5217
5427
5930
5979
5996
6456
6494
188
442
458
1007
1625
2270
2522
2536
2542
2905
3375
3548
3556
3728
3729
4047
4055
4590
4967
5020
5165
6451
6489
6602
6607
6868
6932
394
1925
5503
346
1206
1780
2452
2471
2815
3567
3834
4054
4863
5024
5720
5795
6351
6704
4251
488
1124
1304
1486
2616
3264
5448
5774
5837
325
342
715
1356
2956
3394
3641
4193
5746
5852
6147
64
5800
533
790
1266
1462
1685
2562
2643
3366
3639
4114
4272
5171
5644
5715
6298
6514
6654
602
18
27
100
116
196
206
272
275
337
807
887
1107
1130
1131
1226
1300
1315
1388
1423
1578
1579
1624
1825
1875
1888
1902
1927
1937
2043
2066
2139
2154
2197
2216
2249
2253
2271
2272
2313
2372
2462
2468
2523
2602
2671
2672
2681
2776
2785
2833
2849
2872
2949
3032
3184
3193
3226
3386
3393
3821
3841
3877
3919
3991
4128
4156
4159
4165
4291
4298
4600
4605
4716
4720
4780
4841
4870
4880
4921
5022
5152
5177
5276
5295
5297
5402
5414
5475
5536
5551
5564
5587
5602
5650
5686
5714
5756
5783
5848
5864
5867
5896
5903
5958
5966
6013
6016
6055
6103
6198
6266
6289
6325
6611
6615
6801
6901
6908
26
839
2848
3661
4492
6002
5
74
732
770
875
907
1351
1714
1720
1760
1867
1986
2231
2264
2323
2412
2505
2587
2593
3001
3327
3373
3489
3617
3642
3656
4007
4158
4431
4620
4700
4876
5056
5087
5175
5417
5425
5493
5576
5607
5678
5820
5856
5918
5973
6086
6196
6291
6353
6438
6709
6815
1110
1420
5639
6145
1248
3051
5805
5822
5880
5982
6329
1505
1702
2683
3223
3612
3684
4971
5104
5605
6138
1219
5755
5933
3210
3848
550
609
1384
1816
1827
1960
2091
2674
2957
3524
3939
4135
4467
5749
6667
6668
1409
2304
1471
2506
207
515
1026
1034
1086
1307
1953
2433
2721
6682
6719
6773
1210
1291
2549
3998
948
3638
2507
3229
1108
1460
1644
2739
3868
4346
5655
5670
6915
6437
6836
630
997
4846
6029
6063
727
1418
3008
4140
5700
2218
4693
5182
5895
651
2375
3300
4241
39
277
367
466
521
798
1031
1047
1658
1916
2099
2379
3048
3402
3836
3840
4838
4884
5053
5160
5659
5813
5999
6642
6699
6327
135
1993
6538
404
716
819
1014
2289
3304
3380
4399
4801
6818
1225
5724
1189
2692
2820
4999
6132
6531
6274
1633
949
2576
3260
3268
4014
5025
5871
6613
1773
4739
2646
525
1482
3580
3633
3948
4811
5859
6014
6032
6861
1397
2303
2713
133
166
241
289
388
528
592
1101
1135
1282
1316
1335
1392
1485
1592
1641
1679
1737
1934
1956
1997
2265
2273
2413
2535
2572
2720
2797
2948
3012
3141
3148
3261
3365
3519
3696
4308
4334
4403
4525
4688
4830
5091
5095
5200
5339
5370
5495
6047
6079
6172
6349
6518
6748
6792
6813
6846
6885
2365
4571
374
662
764
799
1147
1379
2200
2960
4409
4771
4787
6755
6762
3827
4923
5050
5083
5528
5558
1746
2047
3618
4986
2210
3699
4585
5997
3882
6281
6175
3876
2761
3353
3442
4946
950
4883
6203
6017
1296
2088
4770
1513
2607
4819
5047
5208
3368
4766
6328
6817
2760
6728
1539
129
2501
1791
2028
6605
4046
4064
1657
2970
4589
4740
3399
6500
2942
2947
3542
5094
1701
2920
5233
2851
3441
6758
570
4673
5372
5989
6564
112
124
1704
1883
2176
3426
3632
4246
5728
953
4227
1919
2153
861
4533
4746
3686
2325
2559
3509
3914
4402
4421
5345
6905
520
1212
1469
1525
1779
2306
2614
3491
4831
5326
5530
5874
5951
6269
6864
879
1027
864
151
1323
1512
2742
3022
3583
3935
5244
5404
6204
546
653
826
838
1647
2352
2445
4209
4496
5173
5214
5452
5481
5572
6065
1950
4051
4274
4282
4550
1160
1526
3240
6747
929
6906
2449
4086
4882
2743
3263
1966
1009
834
5478
52
230
243
287
296
304
416
492
511
526
1127
1140
1464
1630
2077
2128
2161
2167
2315
2476
2698
2823
3190
3273
3295
3314
3363
3440
3463
3601
4003
4085
4203
4348
4820
4938
5143
5151
5282
5394
5470
5590
5709
5757
6083
6177
6265
6578
6787
6903
1079
1822
1257
1892
1070
2577
5405
1299
1873
4344
5498
6218
5517
735
1706
2422
4655
4694
6015
6799
3485
6882
3648
6078
551
603
925
989
1292
1360
1743
1771
2613
2975
2980
3054
3555
3874
4102
4370
4927
6088
6420
6583
6839
6902
5549
418
1353
1725
2284
2458
2584
3301
3722
4022
5136
5189
5624
6058
6705
6751
6053
933
692
1017
6581
939
6765
809
962
991
1286
1342
2294
2804
3194
3237
5545
5582
5676
508
512
934
2709
2846
3347
4549
4798
5484
6010
6477
6848
4606
2502
2533
4256
4703
438
475
680
870
1487
1511
1519
1659
1680
2018
2437
2440
2460
2478
2479
2521
2752
2831
3002
3102
3544
3568
3584
3586
3625
3673
3726
3893
3992
4212
4388
4394
4416
4483
4640
4775
4802
4849
4917
5172
5313
5453
5504
5631
5790
6012
6386
6570
1571
610
612
678
681
928
1111
1227
1415
1640
1715
1784
2005
2027
2029
2278
2518
2582
3343
3413
3930
4517
4723
4742
4753
5121
5269
5360
5518
5546
5684
6027
6898
2064
2193
2528
2693
3670
3810
3981
3995
4005
4784
5931
5601
2125
736
2803
3543
3765
6045
572
593
649
671
697
781
944
1024
1608
1665
2243
2405
2485
2498
2509
3085
3474
3482
3897
3999
4077
4132
4145
4170
4249
4719
5967
6054
6160
6921
4609
432
1982
3539
1789
2406
3566
4487
4699
5461
3026
813
1260
1651
2615
2896
3160
3845
4486
5299
434
3934
172
1865
3565
4120
5416
5729
3315
6696
606
6752
279
617
631
722
1223
1591
1656
2079
2966
3094
3103
3317
3432
3450
3522
4144
4261
4484
5870
4776
5922
6233
3839
1981
314
5984
4307
37
1978
2244
3680
5617
6419
6529
249
364
383
400
1590
1650
1790
1928
2083
2130
2215
2363
2390
2545
2751
3175
3475
3484
3541
3942
3993
4368
4565
5593
5648
5735
5916
6121
6483
6614
38
147
436
624
768
810
1166
2637
3075
3196
3205
3626
3903
3910
4377
5293
5368
5957
6816
802
1003
1042
2526
2560
2703
3049
3136
3227
3333
3367
3573
3799
4133
4505
4828
4885
4936
5078
5234
5298
5323
5506
5577
5629
5904
5955
5028
3581
5319
5970
6753
89
363
1019
1059
1177
1186
1317
1357
1407
1414
1478
1484
1510
1517
1677
1699
1848
1887
2106
2457
2465
2495
2557
2680
2740
2875
2927
2974
3213
3217
3592
3706
4010
4080
4412
4426
4984
5364
5457
5487
5638
5950
6025
6127
6170
6475
6624
6674
6687
1387
1213
523
1723
5636
5740
691
822
1762
2213
2599
2873
5799
5905
6000
6528
6567
6743
6764
6263
264
856
1109
1254
1778
5907
611
6397
2649
54
269
307
481
769
886
923
955
1012
1100
1141
1156
1314
1324
1332
1402
1467
1598
1700
1710
1731
1742
1782
1823
1863
2115
2122
2247
2293
2348
2583
2734
2810
2969
3245
3341
3398
3446
3469
3746
3752
3846
3908
4393
4396
4668
4692
4762
4804
4901
4942
4991
5145
5216
5243
5267
5271
5304
5332
5353
5444
5455
5635
5730
5883
5936
6114
6183
6234
6284
6360
6593
6610
6685
6883
6914
6926
6927
1114
1163
2912
3857
4216
4325
4446
5409
1491
121
1301
1740
2718
832
2080
4441
4117
4130
4913
2174
3816
4681
3916
2770
6657
542
1321
3354
5027
49
103
244
278
1247
1255
1528
1588
1908
3071
3074
3911
4608
5011
5043
5578
6604
6722
6828
785
974
2860
3265
3718
4023
4669
4701
5579
5977
6142
6301
6434
6510
6519
6659
6928
775
1020
1635
4659
4671
1490
1858
5738
577
670
713
1383
1465
1837
3006
3024
3378
3385
4358
6044
4974
620
6308
4150
6886
1733
1821
1878
2595
4163
4464
5110
5237
6515
604
2262
2417
2661
3123
3424
5664
5398
6688
1949
4236
4822
561
1417
6822
1538
1998
2701
4016
4976
1347
4268
3547
5032
683
746
782
1739
2105
3072
3319
3480
3545
3723
4356
5149
5199
5211
5540
6049
6431
6525
6702
6720
6742
6760
6658
687
958
1585
3831
5759
6001
6157
6288
6542
6796
5082
674
943
965
1744
2530
2898
2950
4602
4647
4722
5147
5202
5325
5834
6074
6324
3281
164
661
935
1205
1810
2690
2712
3200
3342
3534
3652
3847
3884
4101
4112
4568
4809
4823
6321
2052
3688
6929
865
4338
5646
5588
6763
1381
2178
2821
3540
3864
4279
5609
6619
5049
613
2736
1187
5135
6601
2165
6292
1050
1431
2132
2137
5330
5340
3733
840
749
1750
1807
1891
2884
3558
4381
5574
5753
5912
5994
401
485
568
1661
2223
2292
2359
2416
2431
2610
2715
2722
2764
2903
2926
2983
3031
3571
3582
3880
3985
4147
4221
4240
4337
4566
4586
4618
4979
5215
5621
5748
5882
5893
6396
6630
6669
765
3806
3161
3604
5649
327
5033
6346
794
2420
5595
743
860
1310
2120
2191
2195
2239
3168
4088
4189
4800
5016
5343
5386
5680
5932
6516
6692
6806
3494
6651
2333
6146
448
5112
6707
688
2351
5704
6339
6026
6264
6492
2541
4
195
544
615
629
679
757
808
927
967
1138
1244
1333
1416
1672
1738
1763
1929
2915
2984
2995
3390
3479
3538
3651
3715
3753
3924
4017
4129
4347
4404
5045
5460
5541
5637
5733
5846
6385
6395
6404
6526
6632
6798
169
2483
4293
4817
181
905
2808
5055
5556
4993
5566
497
5851
4311
643
1787
2532
4195
4353
4975
5156
5789
6643
6676
6698
522
5934
6873
3676
5935
1273
4544
478
2175
2717
3783
5591
594
2664
4507
6811
906
655
866
1358
2504
2826
3383
4561
5515
6561
6646
6684
4557
931
3658
285
1361
1735
2682
2731
3296
3905
4460
4645
4682
4704
5014
5061
5628
5701
6859
2543
654
6206
6491
6517
788
5707
6447
2024
3323
3537
3391
996
1245
2427
2496
504
694
811
815
1172
1331
1603
2109
2327
2453
2571
2617
2886
3162
3230
3293
3348
3387
3410
3501
3695
4039
4136
4215